4 0.767544 0.580968 0.118493 0.207012
4 0.183812 0.193656 0.103525 0.373957
4 0.180152 0.555927 0.360304 0.126878
4 0.083405 0.736227 0.154664 0.153589
4 0.480667 0.315526 0.140944 0.113523
0 0.729501 0.843907 0.089805 0.262104
0 0.475678 0.878965 0.160900 0.242070
0 0.542408 0.650250 0.087310 0.165275
4 0.644686 0.490818 0.304339 0.363940
4 0.303552 0.761269 0.392896 0.183639
4 0.426410 0.434891 0.227007 0.328881
4 0.453850 0.225376 0.197072 0.080134
4 0.218818 0.146077 0.437636 0.202003
4 0.579203 0.202838 0.143438 0.405676
4 0.615998 0.102671 0.219523 0.195326
4 0.418303 0.055092 0.083568 0.110184
4 0.929691 0.013356 0.051139 0.026711
4 0.645933 0.551753 0.439046 0.161937
4 0.418926 0.813022 0.147180 0.373957
4 0.022993 0.830551 0.045987 0.165275