0 0.753823 0.773790 0.170879 0.168614
0 0.935928 0.284641 0.103525 0.292154
0 0.680233 0.191987 0.108514 0.280467
0 0.793113 0.304674 0.137202 0.185309
0 0.773780 0.198664 0.098536 0.173623
0 0.589805 0.500835 0.167137 0.083472
0 0.160737 0.103506 0.157158 0.123539
0 0.490645 0.106010 0.120987 0.212020
0 0.508731 0.823873 0.117245 0.325543
4 0.041703 0.818030 0.083405 0.277129
4 0.544902 0.929048 0.144686 0.141903
4 0.422044 0.946578 0.093547 0.106845
4 0.832321 0.893990 0.335358 0.198664
4 0.248048 0.247913 0.062364 0.368948
4 0.294197 0.248748 0.182104 0.073456
4 0.297315 0.223706 0.115998 0.393990
4 0.332863 0.060935 0.294360 0.121870
4 0.050976 0.101836 0.059870 0.203673