0 0.221854 0.130217 0.202061 0.123539
0 0.327250 0.169449 0.115998 0.212020
0 0.255531 0.484140 0.169631 0.076795
1 0.615998 0.631886 0.077332 0.222037
4 0.512473 0.042571 0.132213 0.085142
4 0.931481 0.521703 0.137039 0.075125
4 0.901627 0.540067 0.124729 0.171953
4 0.688341 0.373122 0.359219 0.388982
4 0.736361 0.523372 0.148427 0.098497
4 0.671502 0.552588 0.223265 0.547579
4 0.642815 0.497496 0.233243 0.484140
4 0.728878 0.669449 0.178362 0.113523
4 0.728878 0.747078 0.101030 0.105175
4 0.307294 0.887312 0.260684 0.218698
4 0.332240 0.323038 0.425326 0.175292
4 0.055341 0.292988 0.096041 0.108514
4 0.090265 0.363105 0.073590 0.151920