0 0.266133 0.150250 0.148427 0.146912
4 0.370282 0.691152 0.159653 0.183639
4 0.969523 0.070117 0.060954 0.080134
4 0.970770 0.284641 0.058460 0.128548
4 0.972641 0.368114 0.054718 0.115192
4 0.849241 0.347245 0.219523 0.554257
0 0.758813 0.504174 0.053633 0.230384
4 0.619740 0.482471 0.184599 0.126878
4 0.816730 0.605175 0.366540 0.258765
4 0.577956 0.583472 0.160900 0.205342
4 0.593547 0.604341 0.137202 0.584307
4 0.677115 0.893990 0.064859 0.212020
4 0.627224 0.909015 0.099783 0.141903
4 0.460087 0.757095 0.269415 0.485810
4 0.319143 0.050918 0.481454 0.101836
4 0.422044 0.035893 0.200814 0.071786
4 0.562364 0.237062 0.344252 0.373957
4 0.338476 0.292154 0.076085 0.584307
4 0.412690 0.521703 0.296855 0.419032
4 0.665890 0.112688 0.102278 0.225376