0 0.459463 0.075960 0.175868 0.108514
0 0.544279 0.297997 0.140944 0.198664
2 0.484409 0.388982 0.178362 0.514190
4 0.909653 0.498331 0.180694 0.118531
4 0.865998 0.607679 0.268004 0.123539
4 0.972018 0.817195 0.055965 0.365609
4 0.645309 0.886477 0.111009 0.200334
4 0.380884 0.737062 0.270662 0.115192
4 0.367164 0.755426 0.071096 0.232053
4 0.321638 0.946578 0.199566 0.106845
4 0.062283 0.659432 0.124566 0.253756
4 0.917218 0.060935 0.056128 0.121870
4 0.965863 0.095993 0.066106 0.105175
4 0.976383 0.202838 0.047234 0.155259
4 0.315401 0.079299 0.062364 0.158598
4 0.203145 0.032554 0.192083 0.065109
4 0.050434 0.078464 0.100867 0.156928