0 0.400217 0.419032 0.174621 0.153589
0 0.235575 0.600167 0.179610 0.128548
4 0.305423 0.153589 0.174621 0.196995
4 0.504366 0.243740 0.180857 0.176962
4 0.446990 0.252087 0.313070 0.283806
4 0.611632 0.482471 0.280640 0.300501
4 0.132131 0.447412 0.264262 0.240401
4 0.186930 0.823873 0.162148 0.348915
4 0.139533 0.833890 0.169631 0.222037
4 0.427657 0.681970 0.444035 0.275459
4 0.438259 0.829716 0.362961 0.340568
4 0.269875 0.870618 0.158406 0.218698
4 0.614127 0.826377 0.168384 0.113523
4 0.652169 0.843907 0.236985 0.168614
4 0.582945 0.953255 0.058623 0.093489
4 0.707674 0.920701 0.096041 0.151920
4 0.926573 0.012521 0.102278 0.025042