4 0.901004 0.568447 0.096041 0.632721
0 0.710168 0.524207 0.113503 0.123539
4 0.553010 0.540902 0.130965 0.170284
4 0.796150 0.632721 0.407701 0.136895
0 0.379637 0.772120 0.160900 0.115192
0 0.343465 0.355593 0.118493 0.173623
4 0.032348 0.459933 0.064696 0.195326
4 0.437012 0.596828 0.193330 0.198664
4 0.349702 0.505843 0.098536 0.200334
4 0.401464 0.387312 0.084816 0.176962
4 0.317272 0.186144 0.298102 0.372287
4 0.195038 0.215359 0.228254 0.430718
4 0.176328 0.444908 0.345499 0.308848
4 0.397722 0.666110 0.311822 0.093489
4 0.239940 0.922371 0.437799 0.155259