4 0.183812 0.276294 0.073590 0.065109
4 0.045445 0.137730 0.090889 0.115192
0 0.309165 0.658598 0.172126 0.158598
4 0.188801 0.812187 0.083568 0.195326
4 0.476925 0.608514 0.228254 0.532554
4 0.543655 0.268781 0.436551 0.210351
4 0.603525 0.265442 0.172126 0.393990
4 0.606643 0.428214 0.115998 0.178631
4 0.728254 0.421536 0.129718 0.222037
4 0.654664 0.409015 0.189588 0.126878
4 0.982619 0.206177 0.034761 0.118531
4 0.155124 0.943239 0.163395 0.096828
4 0.156372 0.958264 0.051139 0.083472
4 0.299186 0.898998 0.112256 0.121870
4 0.366540 0.817195 0.354230 0.282137
4 0.292950 0.926544 0.309328 0.146912