0 0.720147 0.663606 0.160900 0.181970
0 0.708297 0.848080 0.117245 0.210351
4 0.507484 0.424040 0.124729 0.230384
4 0.869198 0.388147 0.069848 0.258765
0 0.861090 0.740401 0.093547 0.185309
4 0.792489 0.902337 0.123482 0.188648
4 0.520580 0.891486 0.063612 0.217028
4 0.436388 0.853923 0.089805 0.225376
4 0.201898 0.727880 0.187093 0.173623
4 0.318519 0.865609 0.163395 0.262104
4 0.329745 0.404841 0.305586 0.439065
4 0.285466 0.353088 0.354230 0.322204
4 0.110304 0.377295 0.220607 0.056761
4 0.017381 0.185309 0.034761 0.297162
4 0.625353 0.047579 0.108514 0.095159
4 0.901546 0.211185 0.196909 0.292154
4 0.925326 0.164441 0.097289 0.188648
4 0.914642 0.033389 0.170716 0.063439