0 0.213747 0.620200 0.130965 0.108514
4 0.488774 0.481636 0.209545 0.128548
4 0.707050 0.443239 0.214534 0.168614
4 0.745716 0.328881 0.147180 0.277129
4 0.556128 0.161102 0.361714 0.278798
4 0.673373 0.520868 0.461497 0.300501
4 0.613503 0.636895 0.366703 0.185309
4 0.086524 0.570952 0.138449 0.136895
4 0.310412 0.791319 0.064859 0.267112
4 0.376518 0.909850 0.149675 0.180301
4 0.044821 0.663606 0.089642 0.388982
4 0.044821 0.297162 0.089642 0.273790
4 0.079663 0.107679 0.152169 0.215359
4 0.069143 0.134391 0.138286 0.135225
4 0.163937 0.833890 0.327874 0.181970