1 0.896638 0.314691 0.142191 0.178631
4 0.879718 0.484975 0.240564 0.081803
2 0.756942 0.768781 0.396638 0.325543
2 0.646557 0.406511 0.215781 0.442404
2 0.541784 0.725376 0.412853 0.198664
0 0.328498 0.651085 0.185846 0.203673
0 0.321638 0.287980 0.209545 0.171953
2 0.351573 0.428214 0.117245 0.262104
4 0.084734 0.335559 0.169468 0.180301
4 0.500000 0.060935 0.461497 0.121870
4 0.864127 0.737896 0.271746 0.146912
4 0.087229 0.903172 0.174457 0.193656
4 0.074674 0.868948 0.074837 0.262104
4 0.092842 0.213689 0.185683 0.427379