4 0.672750 0.085142 0.155911 0.120200
4 0.662148 0.112688 0.117245 0.225376
4 0.056670 0.141903 0.113340 0.267112
4 0.055965 0.341402 0.089805 0.325543
4 0.093384 0.059265 0.132213 0.118531
4 0.243058 0.779633 0.483948 0.080134
4 0.193167 0.737062 0.084816 0.235392
4 0.070309 0.843072 0.088558 0.313856
0 0.169468 0.509182 0.194577 0.073456
0 0.474431 0.616027 0.208297 0.150250
0 0.694577 0.616027 0.174621 0.096828
0 0.919631 0.449082 0.160737 0.126878
1 0.866079 0.262938 0.163395 0.181970
4 0.854230 0.589316 0.284382 0.186978