0 0.807457 0.179466 0.180857 0.135225
0 0.231833 0.343907 0.109761 0.123539
0 0.140157 0.752922 0.160900 0.173623
0 0.649675 0.360601 0.124729 0.096828
0 0.849865 0.565943 0.178362 0.073456
0 0.789995 0.742070 0.170879 0.208681
0 0.622234 0.489149 0.134707 0.086811
0 0.431399 0.486644 0.154664 0.065109
0 0.370906 0.680301 0.118493 0.088481
0 0.433270 0.755426 0.188341 0.222037
4 0.320390 0.041736 0.144686 0.063439
4 0.440754 0.229549 0.063612 0.131886
4 0.387744 0.309683 0.109761 0.101836
4 0.332240 0.187813 0.135955 0.312187
4 0.317272 0.175292 0.185846 0.340568
4 0.136415 0.017529 0.113503 0.035058
4 0.498129 0.357262 0.165890 0.253756