4 0.527440 0.697830 0.084816 0.163606
0 0.879176 0.311352 0.209545 0.452421
4 0.947072 0.047579 0.105857 0.088481
4 0.680233 0.121870 0.108514 0.146912
4 0.145146 0.044240 0.081074 0.088481
4 0.075922 0.017529 0.069848 0.035058
4 0.331616 0.071786 0.109761 0.143573
4 0.461958 0.083472 0.071096 0.166945
4 0.495634 0.068447 0.056128 0.136895
4 0.594794 0.079299 0.369198 0.141903
4 0.165184 0.950751 0.330369 0.098497
4 0.157701 0.828047 0.315401 0.220367
4 0.345336 0.860601 0.197072 0.148581
4 0.357185 0.754591 0.208297 0.110184
4 0.431399 0.654424 0.274404 0.387312