0 0.367164 0.549249 0.118493 0.223706
0 0.727630 0.378965 0.150922 0.163606
0 0.589181 0.246244 0.158406 0.298831
0 0.185059 0.106845 0.081074 0.213689
4 0.051681 0.028381 0.103362 0.053422
4 0.622858 0.035893 0.073590 0.071786
4 0.640944 0.642738 0.129718 0.153589
4 0.092760 0.389816 0.096041 0.225376
4 0.461958 0.422371 0.345499 0.500835
4 0.942083 0.780467 0.115835 0.225376
4 0.826166 0.885643 0.325543 0.228715
4 0.215618 0.770451 0.239480 0.459098
4 0.156453 0.882304 0.312907 0.111853
4 0.758813 0.265442 0.377929 0.387312