0 0.884789 0.105175 0.178362 0.080134
0 0.791866 0.334725 0.152169 0.118531
0 0.557999 0.619366 0.213287 0.096828
0 0.601654 0.732053 0.213287 0.158598
0 0.341594 0.169449 0.174621 0.115192
4 0.132673 0.102671 0.091052 0.205342
4 0.233080 0.324708 0.341757 0.455760
4 0.281724 0.608514 0.127224 0.606010
4 0.344089 0.666945 0.386660 0.315526
4 0.347831 0.639399 0.299349 0.537563
4 0.840510 0.801336 0.142191 0.247078
4 0.471936 0.042571 0.058623 0.085142
4 0.927739 0.335559 0.144522 0.180301
4 0.062825 0.966611 0.086063 0.066778