0 0.224973 0.128548 0.203308 0.140234
4 0.516838 0.038397 0.115998 0.076795
0 0.328498 0.166945 0.115998 0.203673
1 0.617869 0.638564 0.073590 0.212020
0 0.256779 0.475793 0.172126 0.073456
4 0.054094 0.297162 0.086063 0.050083
4 0.095878 0.354758 0.082321 0.128548
4 0.934599 0.522538 0.130802 0.106845
4 0.902875 0.539232 0.117245 0.186978
4 0.696448 0.380634 0.343005 0.383973
4 0.739480 0.515860 0.162148 0.140234
4 0.667137 0.558431 0.184599 0.555927
4 0.632836 0.503339 0.245716 0.462437
4 0.710792 0.687813 0.152169 0.123539
4 0.733243 0.757095 0.112256 0.138564
4 0.297939 0.893155 0.231996 0.213689
4 0.332240 0.324708 0.432809 0.165275