0 0.509355 0.570952 0.188341 0.056761
0 0.843628 0.066778 0.118493 0.093489
0 0.771285 0.271285 0.053633 0.202003
0 0.653417 0.589316 0.134707 0.166945
1 0.673997 0.811352 0.108514 0.093489
4 0.776275 0.896494 0.058623 0.190317
4 0.587310 0.045910 0.064859 0.091820
4 0.738232 0.044240 0.057375 0.088481
4 0.472560 0.022538 0.172126 0.045075
4 0.032972 0.567613 0.065943 0.103506
4 0.058541 0.642738 0.117082 0.136895
4 0.112717 0.266277 0.093547 0.242070
4 0.119658 0.095159 0.239316 0.180301
4 0.178904 0.173623 0.357809 0.333890
4 0.303371 0.675849 0.114335 0.194769
1 0.507095 0.795492 0.064443 0.278242
4 0.845422 0.232749 0.148635 0.360323
4 0.333514 0.922092 0.033261 0.077908
4 0.414692 0.827908 0.100823 0.226767
4 0.288923 0.671397 0.314941 0.417362