4 0.881671 0.388147 0.084816 0.278798
4 0.824214 0.266277 0.351573 0.362270
4 0.032348 0.242905 0.064696 0.315526
0 0.191919 0.439065 0.112256 0.213689
0 0.521828 0.879800 0.071096 0.240401
0 0.675868 0.787145 0.067354 0.191987
0 0.915971 0.550083 0.135955 0.185309
4 0.791242 0.811352 0.258189 0.377295
4 0.942083 0.661102 0.115835 0.103506
4 0.944577 0.886477 0.110846 0.207012
4 0.054718 0.732888 0.037419 0.534224
4 0.060412 0.665275 0.120824 0.612688
4 0.180152 0.547579 0.360304 0.300501
4 0.359680 0.565109 0.425326 0.178631