0 0.727007 0.566778 0.082321 0.185309
0 0.477549 0.886477 0.104772 0.227045
4 0.192543 0.824708 0.175868 0.217028
4 0.854230 0.676127 0.159653 0.130217
4 0.831697 0.710351 0.336605 0.248748
4 0.974512 0.967446 0.050976 0.065109
4 0.809951 0.212855 0.248211 0.425710
4 0.988232 0.303005 0.023535 0.098497
4 0.399593 0.262104 0.303091 0.207012
4 0.089723 0.530885 0.179447 0.096828
4 0.011768 0.667780 0.023535 0.076795
4 0.152006 0.926544 0.207050 0.146912
4 0.497505 0.363940 0.414100 0.210351
4 0.400217 0.491653 0.209545 0.262104
4 0.212581 0.376461 0.425163 0.232053
4 0.082240 0.173623 0.164479 0.060100
4 0.792489 0.068447 0.170879 0.136895
4 0.311036 0.875626 0.071096 0.248748