0 0.522451 0.444908 0.174621 0.161937
0 0.573590 0.760434 0.162148 0.188648
4 0.284219 0.429048 0.072343 0.447412
4 0.299186 0.091820 0.184599 0.093489
4 0.199403 0.428214 0.194577 0.145242
4 0.037961 0.567613 0.075922 0.133556
4 0.387120 0.677796 0.372940 0.343907
4 0.135168 0.751252 0.143438 0.497496
4 0.362798 0.969115 0.064859 0.061770
4 0.258649 0.683639 0.397885 0.302170
4 0.287961 0.107679 0.364209 0.215359
4 0.382131 0.412354 0.352983 0.387312
4 0.909735 0.561770 0.048644 0.539232
4 0.933975 0.963272 0.132050 0.073456
4 0.851030 0.379800 0.297939 0.325543
4 0.909111 0.798831 0.154664 0.161937