0 0.817435 0.444908 0.143438 0.095159
0 0.269251 0.254591 0.162148 0.135225
4 0.129555 0.070117 0.072343 0.140234
4 0.375895 0.035893 0.061117 0.071786
0 0.439506 0.710351 0.108514 0.171953
0 0.867950 0.915693 0.092299 0.151920
4 0.902875 0.930718 0.067354 0.138564
0 0.720770 0.919866 0.167137 0.143573
4 0.624105 0.847245 0.091052 0.305509
4 0.428904 0.979132 0.047397 0.041736
4 0.213123 0.927379 0.072343 0.145242
4 0.238069 0.969950 0.271909 0.060100
4 0.032972 0.328881 0.065943 0.070117
4 0.051599 0.471619 0.098536 0.098497
4 0.065401 0.732053 0.130802 0.091820
4 0.039208 0.773790 0.078416 0.091820
4 0.049810 0.881469 0.099620 0.070117
4 0.140157 0.724541 0.071096 0.550918
4 0.750705 0.313856 0.072343 0.113523