0 0.400840 0.606010 0.111009 0.173623
0 0.947072 0.542571 0.105857 0.163606
0 0.649675 0.516694 0.094794 0.125209
0 0.500624 0.865609 0.096041 0.235392
1 0.805586 0.683639 0.089805 0.515860
4 0.591052 0.541736 0.411606 0.188648
4 0.496882 0.365609 0.173373 0.490818
4 0.652169 0.205342 0.291866 0.410684
4 0.493140 0.057596 0.083568 0.108514
4 0.114588 0.112688 0.097289 0.225376
4 0.018004 0.372287 0.036008 0.240401
4 0.037961 0.222871 0.075922 0.075125
4 0.356562 0.841402 0.097289 0.317195
4 0.773780 0.916528 0.068601 0.166945