0 0.332240 0.273790 0.135955 0.196995
0 0.424539 0.962437 0.111009 0.075125
4 0.066648 0.260434 0.133297 0.116861
4 0.075379 0.607679 0.150759 0.120200
4 0.060412 0.565109 0.120824 0.095159
4 0.133378 0.414858 0.266757 0.155259
4 0.458216 0.417362 0.455261 0.170284
4 0.460710 0.505843 0.168384 0.186978
4 0.501871 0.727880 0.223265 0.504174
4 0.423915 0.655259 0.316812 0.358932
4 0.786253 0.513356 0.120987 0.165275
4 0.618493 0.501669 0.361714 0.385643
4 0.596041 0.558431 0.396638 0.248748
4 0.983867 0.733723 0.032266 0.071786
4 0.986985 0.175292 0.026030 0.100167
4 0.793737 0.162771 0.120987 0.125209
4 0.829284 0.514190 0.069848 0.597663
4 0.624729 0.160267 0.419089 0.220367
4 0.608514 0.176127 0.189588 0.352254
4 0.210087 0.889816 0.420173 0.220367