4 0.335358 0.360601 0.439046 0.083472
4 0.722018 0.054257 0.334274 0.108514
4 0.054094 0.932387 0.103525 0.135225
4 0.107727 0.929883 0.143438 0.140234
4 0.072180 0.898998 0.142191 0.202003
4 0.497505 0.958264 0.054881 0.083472
0 0.766920 0.302170 0.184599 0.133556
0 0.703308 0.802170 0.097289 0.185309
0 0.934057 0.812187 0.072343 0.135225
0 0.475054 0.747913 0.079827 0.133556
2 0.377142 0.734558 0.215781 0.377295
4 0.871069 0.555092 0.185846 0.061770
4 0.874187 0.573456 0.239480 0.091820
4 0.828661 0.760434 0.051139 0.302170
4 0.845499 0.936561 0.112256 0.126878
4 0.584816 0.575125 0.052386 0.128548