0 0.765673 0.505008 0.172126 0.115192
4 0.878471 0.262104 0.243058 0.323873
4 0.160737 0.265442 0.259436 0.323873
4 0.476925 0.155259 0.455261 0.103506
4 0.536795 0.236227 0.133460 0.472454
4 0.531806 0.265442 0.038666 0.173623
1 0.457592 0.881469 0.179610 0.143573
4 0.954555 0.890651 0.090889 0.098497
4 0.861090 0.962437 0.086063 0.075125
4 0.729501 0.968280 0.039913 0.063439
4 0.483785 0.578464 0.281887 0.459098
4 0.255531 0.777129 0.159653 0.105175
4 0.115835 0.763773 0.137202 0.135225
4 0.159490 0.904007 0.162148 0.055092
4 0.203145 0.792988 0.054881 0.196995
4 0.070390 0.758765 0.140781 0.158598
4 0.180152 0.628548 0.360304 0.065109