0 0.238693 0.511686 0.053633 0.171953
0 0.887907 0.194491 0.159653 0.215359
0 0.622234 0.277129 0.162148 0.126878
4 0.107185 0.934057 0.214371 0.131886
4 0.294821 0.817195 0.108514 0.195326
4 0.134544 0.114357 0.231996 0.228715
4 0.228091 0.151920 0.284382 0.143573
4 0.157701 0.385643 0.315401 0.080134
4 0.306670 0.767947 0.351736 0.430718
4 0.395851 0.660267 0.360467 0.242070
4 0.849865 0.585977 0.280640 0.180301
4 0.818682 0.575125 0.360467 0.258765
4 0.816730 0.395659 0.366540 0.200334
4 0.553010 0.148581 0.310575 0.297162
4 0.684599 0.095993 0.371692 0.191987
4 0.950895 0.903172 0.056128 0.193656