0 0.448861 0.582638 0.134707 0.153589
0 0.624105 0.637730 0.140944 0.146912
0 0.526817 0.051753 0.150922 0.083472
0 0.301057 0.879800 0.081074 0.180301
0 0.337229 0.777963 0.106020 0.130217
4 0.246800 0.896494 0.079827 0.207012
4 0.672126 0.957429 0.054881 0.085142
4 0.523075 0.871452 0.053633 0.253756
4 0.859761 0.571786 0.280477 0.121870
4 0.709545 0.117696 0.079827 0.228715
4 0.733243 0.038397 0.072343 0.076795
4 0.598536 0.045075 0.092299 0.090150
0 0.525569 0.252922 0.125976 0.315526
4 0.350325 0.162771 0.192083 0.325543
4 0.287337 0.340568 0.043655 0.537563
4 0.319143 0.053422 0.102278 0.106845
4 0.112798 0.494157 0.225596 0.317195
4 0.132673 0.202003 0.115998 0.404007
4 0.014886 0.032554 0.029772 0.058431