0 0.561117 0.353088 0.167137 0.125209
0 0.257402 0.669449 0.115998 0.166945
0 0.351573 0.651920 0.182104 0.131886
0 0.117706 0.490818 0.203308 0.163606
4 0.886036 0.268781 0.148427 0.267112
4 0.867245 0.389816 0.265510 0.168614
4 0.835439 0.475793 0.329121 0.220367
4 0.695824 0.084307 0.079827 0.161937
4 0.432646 0.106010 0.162148 0.212020
4 0.357185 0.098497 0.096041 0.196995
4 0.160819 0.205342 0.321638 0.320534
4 0.142733 0.364775 0.285466 0.208681
4 0.204392 0.328047 0.189588 0.552588
4 0.021746 0.703673 0.043492 0.081803
4 0.185765 0.892321 0.371529 0.071786
4 0.437636 0.976628 0.149675 0.046745
4 0.544902 0.743740 0.264425 0.482471
4 0.091513 0.900668 0.160900 0.198664
4 0.571096 0.914858 0.169631 0.170284