4 0.045445 0.097663 0.090889 0.195326
4 0.127766 0.154424 0.255531 0.262104
4 0.022370 0.839733 0.044739 0.320534
4 0.248048 0.794658 0.204555 0.410684
4 0.264262 0.886477 0.231996 0.203673
4 0.411442 0.792988 0.209545 0.267112
4 0.496258 0.813022 0.157158 0.277129
4 0.621611 0.440735 0.118493 0.400668
4 0.753200 0.338063 0.296855 0.125209
3 0.786877 0.351419 0.344252 0.332220
2 0.879800 0.468280 0.213287 0.215359
4 0.839886 0.622705 0.258189 0.100167
4 0.854854 0.648581 0.178362 0.111853
4 0.936551 0.478297 0.124729 0.198664