0 0.633460 0.098497 0.139696 0.196995
0 0.213123 0.830551 0.134707 0.108514
0 0.597912 0.412354 0.106020 0.230384
0 0.403959 0.474124 0.169631 0.146912
0 0.334734 0.280467 0.083568 0.223706
1 0.926573 0.575125 0.124729 0.465776
4 0.962039 0.538397 0.075922 0.212020
4 0.971394 0.967446 0.057212 0.065109
4 0.776898 0.961603 0.067354 0.076795
4 0.080911 0.750417 0.039913 0.218698
4 0.076627 0.670284 0.153254 0.532554
4 0.224349 0.118531 0.162148 0.143573
4 0.196990 0.192821 0.393980 0.175292
4 0.052305 0.272955 0.104609 0.145242
2 0.634084 0.765442 0.390402 0.218698
1 0.618493 0.745409 0.134707 0.145242
3 0.583568 0.669449 0.434057 0.193656