4 0.740727 0.055927 0.112256 0.111853
4 0.041079 0.111018 0.082158 0.188648
4 0.819306 0.966611 0.109761 0.066778
4 0.339100 0.691152 0.207050 0.357262
4 0.334734 0.872287 0.096041 0.255426
4 0.295445 0.862270 0.169631 0.138564
4 0.307294 0.550083 0.255694 0.532554
4 0.231209 0.370618 0.430315 0.156928
1 0.202521 0.255426 0.245716 0.116861
4 0.115211 0.434891 0.120987 0.138564
0 0.150759 0.519199 0.129718 0.120200
0 0.552386 0.790484 0.084816 0.151920
0 0.587934 0.429048 0.120987 0.126878
3 0.645309 0.312187 0.350488 0.307179