0 0.793113 0.521703 0.194577 0.108514
0 0.557375 0.551753 0.152169 0.138564
0 0.224973 0.734558 0.123482 0.190317
0 0.683352 0.819699 0.152169 0.133556
0 0.105857 0.268781 0.119740 0.170284
0 0.280477 0.426544 0.189588 0.131886
0 0.370906 0.259599 0.165890 0.188648
4 0.407701 0.212855 0.431562 0.288815
4 0.965781 0.535893 0.068438 0.143573
1 0.382755 0.892321 0.104772 0.212020
4 0.786253 0.136895 0.103525 0.273790
4 0.666513 0.142738 0.205803 0.285476
4 0.659029 0.073456 0.081074 0.146912
4 0.478796 0.069282 0.124729 0.138564