0 0.157619 0.262104 0.143438 0.173623
0 0.622234 0.169449 0.149675 0.105175
4 0.945824 0.065943 0.108351 0.075125
4 0.929691 0.216194 0.138449 0.071786
4 0.864751 0.323873 0.270499 0.083472
4 0.112093 0.431553 0.109761 0.202003
4 0.089100 0.342237 0.178199 0.367279
4 0.065401 0.839733 0.130802 0.120200
4 0.403959 0.706177 0.301844 0.333890
4 0.403959 0.631052 0.498916 0.166945
4 0.501871 0.532554 0.225759 0.243740
4 0.528688 0.414023 0.202061 0.497496
4 0.769415 0.504174 0.389154 0.180301
4 0.952061 0.643573 0.095878 0.298831
4 0.719523 0.929048 0.059870 0.141903