0 0.308541 0.338063 0.096041 0.225376
0 0.770038 0.630217 0.046150 0.161937
0 0.465700 0.849750 0.125976 0.086811
4 0.068438 0.088481 0.129718 0.166945
4 0.395228 0.442404 0.049892 0.066778
4 0.851736 0.424040 0.044902 0.100167
4 0.808081 0.938230 0.049892 0.123539
4 0.099620 0.920701 0.187093 0.158598
4 0.244306 0.911519 0.112256 0.176962
4 0.085981 0.578464 0.171963 0.292154
4 0.533053 0.575125 0.280640 0.409015
4 0.556128 0.662771 0.192083 0.140234
4 0.922126 0.679466 0.155748 0.557596
4 0.963910 0.962437 0.072180 0.075125
4 0.618493 0.671953 0.389154 0.315526
4 0.652793 0.694491 0.240727 0.460768