0 0.660900 0.636060 0.147180 0.140234
0 0.309165 0.530050 0.159653 0.105175
4 0.202521 0.813022 0.395391 0.373957
4 0.422668 0.250417 0.122234 0.153589
4 0.592923 0.102671 0.133460 0.178631
4 0.109056 0.243740 0.218113 0.166945
4 0.084734 0.038397 0.169468 0.076795
4 0.329121 0.265442 0.431562 0.106845
4 0.425786 0.482471 0.120987 0.554257
4 0.604149 0.418197 0.447777 0.091820
4 0.675868 0.519199 0.346746 0.427379
4 0.872234 0.221202 0.255531 0.068447
4 0.725136 0.035058 0.108514 0.070117
4 0.920960 0.054257 0.088558 0.108514
4 0.891025 0.128548 0.208297 0.230384
4 0.882836 0.359766 0.234327 0.135225