4 0.070390 0.128548 0.140781 0.153589
4 0.050434 0.141903 0.100867 0.180301
4 0.495634 0.126043 0.088558 0.252087
4 0.554881 0.099332 0.089805 0.198664
4 0.576708 0.292988 0.340510 0.135225
4 0.510602 0.621035 0.208297 0.524207
4 0.626600 0.605175 0.255694 0.228715
4 0.563612 0.611853 0.074837 0.385643
4 0.200027 0.505843 0.318059 0.227045
4 0.342218 0.653589 0.153417 0.602671
4 0.055423 0.797997 0.110846 0.083472
4 0.140239 0.791319 0.280477 0.357262
4 0.952061 0.646912 0.095878 0.482471
4 0.929610 0.933222 0.140781 0.106845