0 0.581697 0.102671 0.193330 0.088481
0 0.450732 0.744574 0.120987 0.130217
4 0.843005 0.765442 0.157158 0.118531
4 0.664642 0.902337 0.119740 0.195326
4 0.138368 0.302170 0.276735 0.450751
4 0.364669 0.172788 0.148427 0.345576
4 0.200108 0.095159 0.400217 0.096828
4 0.167679 0.545075 0.335358 0.145242
4 0.326627 0.775459 0.184599 0.449082
4 0.829827 0.294658 0.340347 0.078464
4 0.736361 0.523372 0.320553 0.455760
4 0.670879 0.604341 0.222018 0.343907
4 0.864751 0.429883 0.270499 0.409015
4 0.617245 0.328047 0.217028 0.489149