0 0.301057 0.161102 0.113503 0.115192
0 0.305423 0.499165 0.149675 0.090150
0 0.565483 0.839733 0.140944 0.120200
0 0.082782 0.325543 0.160900 0.160267
4 0.115211 0.489149 0.078579 0.153589
4 0.119577 0.600167 0.219523 0.188648
4 0.015510 0.805509 0.031019 0.121870
0 0.581697 0.387312 0.046150 0.173623
0 0.953932 0.489149 0.092136 0.086811
4 0.927820 0.976628 0.044902 0.046745
4 0.748834 0.017529 0.058623 0.035058
4 0.640944 0.980801 0.147180 0.038397
4 0.642815 0.456594 0.076085 0.158598
4 0.680857 0.331386 0.099783 0.131886