0 0.100867 0.775459 0.139696 0.091820
4 0.228091 0.833890 0.177115 0.332220
0 0.763802 0.291319 0.133460 0.118531
4 0.924078 0.246244 0.142191 0.141903
4 0.919008 0.714524 0.161985 0.110184
4 0.614127 0.950751 0.088558 0.098497
4 0.171963 0.409015 0.301844 0.140234
4 0.226844 0.355593 0.179610 0.567613
4 0.345960 0.035058 0.125976 0.060100
4 0.431399 0.169449 0.406616 0.151920
4 0.463829 0.244574 0.194577 0.489149
4 0.599160 0.632721 0.470228 0.176962
4 0.651546 0.471619 0.435304 0.225376
4 0.854854 0.452421 0.288124 0.227045
4 0.761931 0.826377 0.144686 0.347245