0 0.057836 0.570117 0.111009 0.198664
0 0.700190 0.767947 0.128471 0.237062
0 0.576085 0.837229 0.117245 0.125209
0 0.504366 0.680301 0.111009 0.268781
0 0.447614 0.053422 0.124729 0.076795
0 0.478172 0.196160 0.106020 0.268781
4 0.620363 0.173623 0.071096 0.347245
4 0.981996 0.480801 0.036008 0.090150
4 0.079745 0.044240 0.159490 0.078464
4 0.097831 0.127713 0.195661 0.175292
4 0.080369 0.233723 0.160737 0.196995
4 0.211252 0.089316 0.143438 0.178631
4 0.351573 0.015025 0.029935 0.030050
4 0.421421 0.938230 0.476465 0.123539
4 0.504366 0.956594 0.447777 0.086811
4 0.357809 0.796327 0.097289 0.407346
4 0.317896 0.616027 0.334274 0.447412