0 0.109598 0.116027 0.217028 0.165275
0 0.271746 0.074290 0.157158 0.145242
4 0.191919 0.303840 0.222018 0.474124
4 0.047315 0.362270 0.094631 0.036728
4 0.259273 0.552588 0.421584 0.257095
4 0.392109 0.634391 0.392896 0.337229
0 0.237446 0.671119 0.143438 0.150250
0 0.853607 0.515860 0.068601 0.166945
4 0.868574 0.381469 0.068601 0.595993
4 0.839181 0.207012 0.321638 0.083472
4 0.528688 0.299666 0.092299 0.599332
4 0.352820 0.235392 0.234490 0.460768
4 0.052305 0.686144 0.104609 0.427379
4 0.409572 0.971619 0.073590 0.056761
4 0.795608 0.967446 0.079827 0.065109
4 0.025488 0.063439 0.050976 0.126878