0 0.564859 0.072621 0.209545 0.095159
0 0.401464 0.291319 0.142191 0.148581
0 0.929068 0.639399 0.099783 0.146912
0 0.813693 0.694491 0.081074 0.156928
0 0.251166 0.367279 0.145933 0.093489
0 0.390862 0.542571 0.273156 0.180301
0 0.625976 0.469115 0.147180 0.110184
1 0.770662 0.843907 0.212039 0.125209
4 0.031019 0.035893 0.059870 0.071786
4 0.104067 0.342237 0.208134 0.173623
4 0.950190 0.368948 0.099620 0.066778
4 0.224973 0.939065 0.130965 0.121870
0 0.534924 0.798831 0.271909 0.058431
0 0.697695 0.705342 0.148427 0.125209